-0.248792 -0.078108 -0.161602
0.276268 -0.077980 -0.160567
0.355668 -0.087787 -0.158319
0.333311 -0.022477 -0.163356
0.217253 -0.024200 -0.165198
0.194232 -0.093214 -0.158127
-0.168036 -0.090666 -0.159590
-0.189876 -0.023549 -0.168113
-0.302208 -0.020357 -0.165078
-0.329407 -0.081808 -0.161512
-0.402523 -0.070325 -0.144301
-0.397852 0.028809 -0.135531
-0.322378 0.056426 -0.133918
-0.241344 0.120675 -0.108025
0.063623 0.118299 -0.109856
0.175040 0.044047 -0.142646
0.380117 0.007050 -0.136561
0.397959 -0.081041 -0.145095
-0.248792 -0.078108 0.161602
0.276268 -0.077980 0.160567
0.355668 -0.087787 0.158319
0.333311 -0.022477 0.163356
0.217253 -0.024200 0.165198
0.194232 -0.093214 0.158127
-0.168036 -0.090666 0.159590
-0.189876 -0.023549 0.168113
-0.302208 -0.020357 0.165078
-0.329407 -0.081808 0.161512
-0.402523 -0.070325 0.144301
-0.397852 0.028809 0.135531
-0.322378 0.056426 0.133918
-0.241344 0.120675 0.108025
0.063623 0.118299 0.109856
0.175040 0.044047 0.142646
0.380117 0.007050 0.136561
0.397959 -0.081041 0.145095
